[(0.1724137931034483, 's'), (0.13793103448275862, 'a'), (0.10344827586206896, ' '), (0.06896551724137931, 'r'), (0.06896551724137931, 'n'), (0.06896551724137931, 'h'), (0.06896551724137931, 'e'), (0.06896551724137931, 'H'), (0.034482758620689655, 'l'), (0.034482758620689655, 'k'), (0.034482758620689655, 'i'), (0.034482758620689655, 'f'), (0.034482758620689655, 'S'), (0.034482758620689655, 'E'), (0.034482758620689655, '\n')]
10101
0111
100
11
11
100
0010
0000
01011
0100
0110
0001
00111
01010
0000
0111
100
11
11
100
0010
0000
10100
1011
00110
0110
0001
11
0100
